Name,Lng,Lat,x,y
x,151.209647,-33.868945,5.384,36.459
x,151.209585,-33.868907,8.694,37.294
x,151.209585,-33.868907,8.694,37.294
x,151.209880,-33.868997,9.375,36.153
x,151.210335,-33.869438,-1.485,22.971
x,151.210340,-33.869431,-1.156,23.591
x,151.210237,-33.869184,-12.440,32.243
x,151.210117,-33.868916,5.147,24.630
x,151.210075,-33.868858,6.448,26.462
x,151.210305,-33.869065,-1.469,23.782
x,151.210167,-33.869027,0.886,21.138
x,151.210179,-33.869019,4.129,17.679
x,151.210180,-33.869020,3.123,15.031
x,151.210209,-33.869011,5.133,15.657
x,151.210243,-33.869037,1.506,17.133
x,151.210264,-33.869023,-4.645,14.358
x,151.210288,-33.869025,-1.245,15.305
x,151.210315,-33.869022,-10.339,20.860
x,151.210336,-33.869018,-6.808,22.126
x,151.210349,-33.869025,-16.254,18.790
x,151.210363,-33.869029,-26.990,8.124
x,151.210378,-33.869034,-36.361,9.985
x,151.210395,-33.869040,-9.000,42.852
x,151.210411,-33.869046,-11.915,41.922
x,151.210423,-33.869051,-16.713,40.434
x,151.210434,-33.869058,-23.638,41.494
x,151.210443,-33.869067,-20.928,35.178
x,151.210454,-33.869076,-17.373,41.746
x,151.210465,-33.869084,-11.622,42.801
x,151.210478,-33.869094,-12.873,37.227
x,151.210484,-33.869105,-20.123,41.056
x,151.210478,-33.869157,-19.836,51.898
x,151.210477,-33.869164,-17.204,45.805
x,151.210475,-33.869175,-16.971,52.655
x,151.210472,-33.869190,-12.484,37.620
x,151.210470,-33.869204,2.709,10.906
x,151.210468,-33.869216,0.806,12.676
x,151.210464,-33.869225,0.390,23.015
x,151.210455,-33.869236,0.905,22.358
x,151.210437,-33.869248,11.980,24.878
x,151.210418,-33.869267,5.560,20.646
x,151.210412,-33.869280,-2.546,37.113
x,151.210416,-33.869294,-1.457,31.286
x,151.210424,-33.869308,4.938,35.428
x,151.210432,-33.869323,-1.844,28.329
x,151.210437,-33.869339,39.290,15.722
x,151.210439,-33.869358,36.751,40.198
x,151.210441,-33.869377,41.013,27.377
x,151.210441,-33.869396,0.303,70.953
x,151.210435,-33.869423,-5.185,61.650
x,151.210418,-33.869453,-9.563,59.254
x,151.210393,-33.869481,-11.669,77.321
x,151.210356,-33.869506,-8.688,77.423
x,151.210340,-33.869518,-7.535,90.000
x,151.210323,-33.869542,-10.167,90.000
x,151.210313,-33.869562,13.277,90.000
x,151.210312,-33.869582,16.093,90.000
x,151.210318,-33.869604,13.390,68.388
x,151.210319,-33.869619,9.229,86.114
x,151.210316,-33.869631,13.760,64.950
x,151.210318,-33.869648,9.676,90.000
x,151.210321,-33.869665,10.888,80.174
x,151.210322,-33.869690,12.632,57.029
x,151.210336,-33.869711,9.198,69.373
x,151.210358,-33.869740,19.302,80.271
x,151.210376,-33.869760,20.685,90.000
x,151.210374,-33.869771,19.452,90.000
x,151.210372,-33.869788,24.865,90.000
x,151.210366,-33.869804,26.192,76.756
x,151.210364,-33.869820,19.219,64.618
x,151.210355,-33.869827,12.157,60.994
x,151.210333,-33.869820,19.563,90.000
x,151.210325,-33.869810,11.243,71.993
x,151.210322,-33.869804,15.964,74.047
x,151.210324,-33.869808,19.218,90.000
x,151.210325,-33.869812,9.917,74.818
x,151.210320,-33.869819,22.723,90.000
x,151.210313,-33.869825,23.523,90.000
x,151.210305,-33.869833,28.704,90.000
x,151.210298,-33.869843,15.462,59.894
x,151.210294,-33.869858,13.115,73.559
x,151.210298,-33.869858,20.686,90.000
x,151.210304,-33.869860,10.651,90.000
x,151.210309,-33.869869,11.995,71.054
x,151.210312,-33.869878,15.618,70.246
x,151.210306,-33.869899,12.515,71.898
x,151.210296,-33.869935,16.695,90.000
x,151.210281,-33.869961,25.184,90.000
x,151.210260,-33.869989,28.814,90.000
x,151.210240,-33.870010,19.008,63.802
x,151.210224,-33.870024,12.693,90.000
x,151.210220,-33.870035,19.721,90.000
x,151.210225,-33.870041,11.562,65.972
x,151.210241,-33.870045,8.726,86.499
x,151.210256,-33.870058,22.515,90.000
x,151.210266,-33.870071,7.644,70.181
x,151.210269,-33.870085,16.652,90.000
x,151.210270,-33.870102,25.615,90.000
x,151.210268,-33.870124,23.790,90.000
x,151.210266,-33.870148,23.593,65.592
x,151.210262,-33.870165,19.055,90.000
x,151.210262,-33.870181,11.661,90.000
x,151.210263,-33.870203,11.199,79.094
x,151.210263,-33.870231,17.791,63.589
x,151.210265,-33.870260,10.119,65.162
x,151.210267,-33.870285,15.354,90.000
x,151.210268,-33.870301,21.542,90.000
x,151.210268,-33.870319,25.743,90.000
x,151.210262,-33.870340,27.488,90.000
x,151.210257,-33.870367,13.322,90.000
x,151.210269,-33.870371,19.558,90.000
x,151.210280,-33.870369,12.392,90.000
x,151.210292,-33.870372,12.957,64.536
x,151.210291,-33.870379,18.064,88.176
x,151.210297,-33.870384,20.762,90.000
x,151.210319,-33.870385,14.984,75.070
x,151.210333,-33.870393,24.362,90.000
x,151.210346,-33.870386,19.865,90.000
x,151.210348,-33.870371,21.435,68.881
x,151.210348,-33.870360,8.309,83.618
x,151.210313,-33.870356,14.272,90.000
x,151.210282,-33.870356,12.060,62.910
x,151.210256,-33.870359,14.082,61.497
x,151.210234,-33.870363,17.691,81.570
x,151.210218,-33.870365,16.039,90.000
x,151.210223,-33.870364,21.406,90.000
x,151.210226,-33.870361,21.034,90.000
x,151.210213,-33.870360,23.018,90.000
x,151.210199,-33.870358,9.920,90.000
x,151.210181,-33.870356,15.683,71.531
x,151.210160,-33.870354,20.806,90.000
x,151.210137,-33.870357,10.694,90.000
x,151.210120,-33.870364,12.702,90.000
x,151.210097,-33.870382,20.853,90.000
x,151.210072,-33.870401,9.940,70.460
x,151.210063,-33.870422,18.671,90.000
x,151.210068,-33.870437,24.166,90.000
x,151.210070,-33.870455,26.121,90.000
x,151.210069,-33.870476,19.074,62.406
x,151.210072,-33.870515,14.287,69.228
x,151.210072,-33.870540,19.939,90.000
x,151.210062,-33.870561,7.564,74.617
x,151.210057,-33.870584,10.413,62.369
x,151.210060,-33.870616,17.183,73.881
x,151.210062,-33.870636,11.814,72.269
x,151.210094,-33.870654,14.366,60.590
x,151.210098,-33.870665,10.739,71.843
x,151.210101,-33.870671,13.244,76.632
x,151.210104,-33.870680,11.162,62.665
x,151.210104,-33.870690,10.686,69.039
x,151.210103,-33.870701,14.542,90.000
x,151.210105,-33.870705,9.197,69.001
x,151.210110,-33.870707,10.110,71.120
x,151.210117,-33.870707,15.660,74.308
x,151.210131,-33.870708,18.387,68.838
x,151.210140,-33.870709,20.192,67.243
x,151.210152,-33.870714,19.854,66.257
x,151.210150,-33.870720,10.822,77.265
x,151.209610,-33.876487,0.504,11.050
x,151.209610,-33.876489,-0.920,13.452
x,151.209610,-33.876488,-0.920,13.452
x,151.209695,-33.876506,-3.654,11.286
x,151.209743,-33.876546,6.011,11.575
x,151.209676,-33.876586,2.898,9.364
x,151.209633,-33.876609,-0.162,12.708
x,151.209592,-33.876635,3.705,12.111
x,151.209566,-33.876628,3.243,13.127
x,151.209568,-33.876619,5.667,13.937
x,151.209568,-33.876614,-0.633,10.544
x,151.209581,-33.876611,-1.169,5.067
x,151.209606,-33.876617,-2.957,9.869
x,151.209633,-33.876628,16.712,11.240
x,151.209920,-33.876833,46.729,-24.428
x,151.209952,-33.876854,49.811,-0.695
x,151.209971,-33.876873,51.568,4.085
x,151.209971,-33.876882,48.553,6.283
x,151.209981,-33.876895,40.860,-21.310
x,151.210005,-33.876917,56.119,-23.509
x,151.210050,-33.876952,47.183,-21.696
x,151.210069,-33.876968,48.502,-16.606
x,151.210071,-33.876977,52.467,-7.372
x,151.210053,-33.876986,52.491,-7.072
x,151.210107,-33.876971,56.150,-7.990
x,151.210163,-33.876956,54.715,-8.131
x,151.210242,-33.876942,54.331,-10.466
x,151.210342,-33.876939,56.374,-10.634
x,151.210564,-33.877014,54.988,-10.960
x,151.210634,-33.877023,53.589,-14.179
x,151.210721,-33.877024,55.501,-14.127
x,151.210780,-33.877019,54.767,-13.804
x,151.210832,-33.877031,55.614,-12.438
x,151.210903,-33.877065,54.724,-12.403
x,151.210949,-33.877073,55.341,-11.000
x,151.210958,-33.877074,53.996,-11.408
x,151.211017,-33.877096,54.452,-11.414
x,151.211042,-33.877086,54.632,-14.902
x,151.211067,-33.877097,54.550,-11.710
x,151.211083,-33.877099,55.931,-9.334
x,151.211107,-33.877114,55.947,-8.376
x,151.211164,-33.877106,56.123,-8.437
x,151.211211,-33.877078,56.657,-8.632
x,151.211219,-33.877084,56.800,-8.803
x,151.211252,-33.877129,56.790,-8.725
x,151.211306,-33.877117,56.741,-8.503
x,151.211320,-33.877102,59.760,-0.119
x,151.211334,-33.877110,59.855,-1.083
x,151.211340,-33.877131,58.023,-4.104
x,151.211381,-33.877145,58.254,-3.293
x,151.225363,-33.914439,48.022,1.612
x,151.225382,-33.914494,32.067,19.496
x,151.225393,-33.914524,32.067,19.496
x,151.225797,-33.914626,4.527,40.639
x,151.225722,-33.914626,4.603,41.450